1786949844 36
1786949845 36
1786949846 36
1786949847 36
1786949848 36
1786949849 46
1786949850 53
1786949851 57
1786949852 57
1786949853 56
1786949854 56
1786949855 56
1786949856 55
1786949857 55
1786949859 55
1786949860 55
1786949861 60
1786949862 59
1786949863 59
1786949864 58
1786949865 58
1786949866 58
1786949867 58
1786949868 58
1786949869 58
1786949870 59
1786949871 59
1786949872 59
1786949873 59
1786949874 59
1786949875 60
1786949876 62
1786949877 63
1786949878 64
1786949879 63
1786949880 63
1786949881 62
1786949882 62
1786949883 61
1786949884 61
1786949885 62
1786949886 62
1786949887 62
1786949888 62
1786949889 62
1786949890 62
1786949891 62
1786949892 62
1786949893 64
1786949894 67
1786949895 66
1786949896 66
1786949897 65
1786949898 65
1786949899 65
1786949900 65
1786949901 65
1786949902 65
1786949903 65
1786949904 66
1786949905 66
1786949906 65
1786949907 65
1786949908 65
1786949909 65
1786949910 66
1786949911 66
1786949912 66
1786949913 66
1786949914 66
1786949915 71
1786949916 70
1786949917 69
1786949918 69
1786949919 68
1786949920 72
1786949921 72
1786949922 71
1786949923 74
1786949924 73
1786949925 72
1786949926 71
1786949927 70
1786949928 70
1786949929 69
1786949930 69
1786949931 69
1786949932 69
1786949933 69
1786949934 70
1786949935 70
1786949936 70
1786949937 69
1786949938 69
1786949939 69
1786949940 69
1786949941 70
1786949942 70
1786949943 70
1786949944 70
1786949945 70
1786949946 71
1786949947 75
1786949948 74
1786949949 73
1786949951 73
1786949952 72
1786949953 72
1786949954 72
1786949955 72
1786949956 71
1786949957 72
1786949958 72
1786949959 72
1786949960 72
1786949961 72
1786949962 73
1786949963 73
1786949964 76
1786949965 75
1786949966 75
1786949967 72
1786949968 69
1786949969 67
1786949970 65
