1786951000 43
1786951001 43
1786951002 43
1786951003 43
1786951004 43
1786951005 43
1786951006 44
1786951007 44
1786951008 43
1786951009 43
1786951010 44
1786951011 44
1786951012 44
1786951013 44
1786951014 58
1786951015 64
1786951016 66
1786951017 67
1786951018 69
1786951019 69
1786951020 67
1786951021 66
1786951022 65
1786951023 64
1786951024 63
1786951025 63
1786951026 62
1786951027 63
1786951028 62
1786951029 62
1786951030 62
1786951031 62
1786951032 68
1786951033 67
1786951034 67
1786951035 66
1786951036 65
1786951037 65
1786951038 65
1786951039 65
1786951040 71
1786951041 70
1786951042 69
1786951043 72
1786951044 71
1786951045 70
1786951046 69
1786951047 76
1786951048 75
1786951050 73
1786951051 72
1786951052 71
1786951053 70
1786951054 69
1786951055 76
1786951056 75
1786951057 73
1786951058 72
1786951059 71
1786951060 71
1786951061 70
1786951062 70
1786951063 70
1786951064 70
1786951065 70
1786951066 69
1786951067 69
1786951068 69
1786951069 69
1786951070 69
1786951071 69
1786951072 69
1786951073 69
1786951074 69
1786951075 70
1786951076 70
1786951077 70
1786951078 70
1786951079 70
1786951080 70
1786951081 70
1786951082 70
1786951083 75
1786951084 77
1786951085 76
1786951086 77
1786951087 80
1786951088 78
1786951089 77
1786951090 76
1786951091 76
1786951092 75
1786951093 74
1786951094 73
1786951095 73
1786951096 73
1786951097 72
1786951098 72
1786951099 72
1786951100 72
1786951101 73
1786951102 73
1786951103 74
1786951104 74
1786951105 74
1786951106 74
1786951107 74
1786951108 74
1786951109 74
1786951110 74
1786951111 74
1786951112 74
1786951113 73
1786951114 73
1786951115 73
1786951116 74
1786951117 73
1786951118 73
1786951119 73
1786951120 73
1786951121 73
1786951122 73
1786951123 74
1786951124 74
1786951125 75
1786951126 75
1786951127 75
1786951128 76
1786951129 76
1786951131 76
1786951132 76
1786951133 76
1786951134 76
1786951135 76
1786951136 76
1786951137 76
1786951138 75
1786951139 75
1786951140 75
1786951141 75
1786951142 75
1786951143 76
1786951144 76
1786951145 77
1786951146 80
1786951147 79
1786951148 79
1786951149 78
1786951150 77
1786951151 77
1786951152 76
1786951153 77
1786951154 76
1786951155 76
1786951156 76
1786951157 76
1786951158 76
1786951159 76
1786951160 76
1786951161 77
1786951162 77
1786951163 76
1786951164 76
1786951165 76
1786951166 76
1786951167 77
1786951168 77
1786951169 77
1786951170 77
1786951171 77
1786951172 77
1786951173 77
1786951174 78
1786951175 77
1786951176 77
1786951177 77
1786951178 77
1786951179 77
1786951180 77
1786951181 77
1786951182 77
1786951183 77
1786951184 77
1786951185 77
1786951186 77
1786951187 77
1786951188 78
1786951189 78
1786951190 78
1786951191 78
1786951192 77
1786951193 77
1786951194 77
1786951195 77
1786951196 77
1786951197 77
1786951198 77
1786951199 77
1786951200 78
1786951201 79
1786951202 78
1786951203 78
1786951204 78
1786951205 78
1786951206 78
1786951207 78
1786951209 78
1786951210 78
1786951211 78
1786951212 78
1786951213 78
1786951214 78
1786951215 78
1786951216 82
1786951217 81
1786951218 80
1786951219 80
1786951220 79
1786951221 79
1786951222 78
1786951223 78
1786951224 75
1786951225 73
1786951226 71
1786951227 69
