1786951246 56
1786951247 55
1786951249 55
1786951250 55
1786951251 67
1786951252 69
1786951253 73
1786951254 75
1786951255 76
1786951256 77
1786951257 81
1786951258 79
1786951259 78
1786951260 77
1786951261 75
1786951262 75
1786951263 74
1786951264 78
1786951265 76
1786951266 75
1786951267 75
1786951268 78
1786951269 77
1786951270 76
1786951271 75
1786951272 74
1786951273 74
1786951274 77
1786951275 77
1786951276 76
1786951277 75
1786951278 74
1786951279 74
1786951280 74
1786951281 73
1786951282 79
1786951283 77
1786951284 77
1786951285 76
1786951286 75
1786951287 75
1786951288 74
1786951289 74
1786951290 74
1786951291 74
1786951292 73
1786951293 73
1786951294 74
1786951295 74
1786951296 74
1786951297 74
1786951298 74
1786951299 74
1786951300 74
1786951301 74
1786951302 74
1786951303 74
1786951304 74
1786951305 74
1786951306 74
1786951307 74
1786951308 74
1786951309 74
1786951310 74
1786951311 74
1786951312 74
1786951313 74
1786951314 74
1786951315 74
1786951316 74
1786951317 74
1786951318 75
1786951319 75
1786951320 75
1786951321 75
1786951322 75
1786951323 75
1786951324 75
1786951325 75
1786951326 75
1786951327 75
1786951328 75
1786951329 81
1786951330 80
1786951331 78
1786951332 78
1786951333 77
1786951334 77
1786951335 77
1786951336 77
1786951337 77
1786951338 76
1786951340 76
1786951341 76
1786951342 75
1786951343 75
1786951344 75
1786951345 75
1786951346 74
1786951347 74
1786951348 74
1786951349 74
1786951350 74
1786951351 74
1786951352 74
1786951353 74
1786951354 74
1786951355 74
1786951356 75
1786951357 75
1786951358 75
1786951359 75
1786951360 80
1786951361 79
1786951362 78
1786951363 77
1786951364 77
1786951365 76
1786951366 76
1786951367 76
1786951368 75
1786951369 75
1786951370 75
1786951371 80
1786951372 79
1786951373 78
1786951374 77
1786951375 77
1786951376 76
1786951377 76
1786951378 75
1786951379 75
1786951380 75
1786951381 75
1786951382 75
1786951383 74
1786951384 74
1786951385 75
1786951386 75
1786951387 75
1786951388 74
1786951389 74
1786951390 74
1786951391 74
1786951392 74
1786951393 74
1786951394 75
1786951395 75
1786951396 76
1786951397 76
1786951398 75
1786951399 75
1786951400 75
1786951401 75
1786951402 75
1786951403 75
1786951404 75
1786951405 75
1786951406 76
1786951407 76
1786951408 76
1786951409 76
1786951410 75
1786951411 75
1786951412 75
1786951413 75
1786951414 75
1786951415 75
1786951416 75
1786951417 75
1786951418 75
1786951419 75
1786951420 75
1786951421 75
1786951423 76
1786951424 76
1786951425 75
1786951426 75
1786951427 76
1786951428 75
1786951429 75
1786951430 75
1786951431 75
1786951432 75
1786951433 78
1786951434 79
1786951435 78
1786951436 77
1786951437 77
1786951438 77
1786951439 76
1786951440 76
1786951441 75
1786951442 75
1786951443 75
1786951444 75
1786951445 75
1786951446 75
1786951447 75
1786951448 75
1786951449 75
1786951450 75
1786951451 74
1786951452 74
1786951453 74
1786951454 74
1786951455 74
1786951456 74
1786951457 74
1786951458 74
1786951459 74
1786951460 74
1786951461 74
1786951462 75
1786951463 75
1786951464 76
1786951465 75
1786951466 76
1786951467 76
1786951468 76
1786951469 75
1786951470 75
1786951471 75
1786951472 76
1786951473 75
1786951474 76
1786951475 76
1786951476 75
1786951477 75
1786951478 75
1786951479 75
1786951480 75
1786951481 75
1786951482 76
1786951483 79
1786951484 78
1786951485 78
1786951486 77
1786951487 77
1786951488 76
1786951489 76
1786951490 76
1786951491 76
1786951492 74
1786951493 72
1786951494 69
1786951495 67
1786951496 66
